         200
   2958.6800000003914       -230.00000000000000       -1.0000000000000000       -6.6555341039407123      
   3208.6800000003914       -230.00000000000000       -1.0000000000000000       -7.8183976599708052      
   3458.6800000003914       -230.00000000000000       -1.0000000000000000       -9.1451719181306537      
   3708.6800000003914       -230.00000000000000       -1.0000000000000000       -10.582938044744896      
   3958.6800000003914       -230.00000000000000       -1.0000000000000000       -11.920956188696255      
   4208.6800000003914       -230.00000000000000       -1.0000000000000000       -12.603537024368476      
   4458.6800000003914       -230.00000000000000       -1.0000000000000000       -11.306281279052229      
   4708.6800000003914       -230.00000000000000       -1.0000000000000000       -4.8691817131822237      
   4958.6800000003914       -230.00000000000000       -1.0000000000000000        13.791289461026125      
   5208.6800000003914       -230.00000000000000       -1.0000000000000000        59.365674238004736      
   5458.6800000003914       -230.00000000000000       -1.0000000000000000        156.51524746352834      
   5708.6800000003914       -230.00000000000000       -1.0000000000000000        327.87725856569500      
   5958.6800000003914       -230.00000000000000       -1.0000000000000000        548.33645029320769      
   6208.6800000003914       -230.00000000000000       -1.0000000000000000        658.51832672012176      
   6458.6800000003914       -230.00000000000000       -1.0000000000000000        530.58359856265372      
   6708.6800000003914       -230.00000000000000       -1.0000000000000000        321.35375507970048      
   6958.6800000003914       -230.00000000000000       -1.0000000000000000        153.83067920219617      
   7208.6800000003914       -230.00000000000000       -1.0000000000000000        57.944255749446853      
   7458.6800000003914       -230.00000000000000       -1.0000000000000000        13.215284486931006      
   7708.6800000003914       -230.00000000000000       -1.0000000000000000       -5.0524248530775475      
   7958.6800000003914       -230.00000000000000       -1.0000000000000000       -11.333469840144597      
   8208.6800000003914       -230.00000000000000       -1.0000000000000000       -12.579106817167027      
   8458.6800000003914       -230.00000000000000       -1.0000000000000000       -11.879421213223848      
   8708.6800000003914       -230.00000000000000       -1.0000000000000000       -10.539274466995959      
   8958.6800000003914       -230.00000000000000       -1.0000000000000000       -9.1050217309052410      
   9208.6800000003914       -230.00000000000000       -1.0000000000000000       -7.7805518311448427      
   9458.6800000003914       -230.00000000000000       -1.0000000000000000       -6.6254197096441860      
   9708.6800000003914       -230.00000000000000       -1.0000000000000000       -5.6464614511530309      
   9958.6800000003914       -230.00000000000000       -1.0000000000000000       -4.8221407847557085      
   10208.680000000391       -230.00000000000000       -1.0000000000000000       -4.1399100529906150      
   10458.680000000391       -230.00000000000000       -1.0000000000000000       -3.5713312228367458      
   10708.680000000391       -230.00000000000000       -1.0000000000000000       -3.0900606039864131      
   10958.680000000391       -230.00000000000000       -1.0000000000000000       -2.6930994107712980      
   11208.680000000391       -230.00000000000000       -1.0000000000000000       -2.3556436880734677      
   11458.680000000391       -230.00000000000000       -1.0000000000000000       -2.0685090995583448      
   11708.680000000391       -230.00000000000000       -1.0000000000000000       -1.8276981374511951      
   11958.680000000391       -230.00000000000000       -1.0000000000000000       -1.6219230034722594      
   12208.680000000391       -230.00000000000000       -1.0000000000000000       -1.4421865099251783      
   12458.680000000391       -230.00000000000000       -1.0000000000000000       -1.2876259379033654      
   12708.680000000391       -230.00000000000000       -1.0000000000000000       -1.1588565107959530      
   2958.6800000003914       -105.00000000000000       -1.0000000000000000       -6.6691212348091495      
   3208.6800000003914       -105.00000000000000       -1.0000000000000000       -7.8372373647792752      
   3458.6800000003914       -105.00000000000000       -1.0000000000000000       -9.1701407994181796      
   3708.6800000003914       -105.00000000000000       -1.0000000000000000       -10.606867274765808      
   3958.6800000003914       -105.00000000000000       -1.0000000000000000       -11.947507933187850      
   4208.6800000003914       -105.00000000000000       -1.0000000000000000       -12.609661896465585      
   4458.6800000003914       -105.00000000000000       -1.0000000000000000       -11.229466069586350      
   4708.6800000003914       -105.00000000000000       -1.0000000000000000       -4.5380403653939103      
   4958.6800000003914       -105.00000000000000       -1.0000000000000000        14.879598528755857      
   5208.6800000003914       -105.00000000000000       -1.0000000000000000        62.577509432304772      
   5458.6800000003914       -105.00000000000000       -1.0000000000000000        165.25692490171238      
   5708.6800000003914       -105.00000000000000       -1.0000000000000000        348.23573277721050      
   5958.6800000003914       -105.00000000000000       -1.0000000000000000        586.55485177812011      
   6208.6800000003914       -105.00000000000000       -1.0000000000000000        708.20189202768233      
   6458.6800000003914       -105.00000000000000       -1.0000000000000000        571.81196895616370      
   6708.6800000003914       -105.00000000000000       -1.0000000000000000        344.66350583275738      
   6958.6800000003914       -105.00000000000000       -1.0000000000000000        163.14659006136654      
   7208.6800000003914       -105.00000000000000       -1.0000000000000000        61.371604036012876      
   7458.6800000003914       -105.00000000000000       -1.0000000000000000        14.400023415082298      
   7708.6800000003914       -105.00000000000000       -1.0000000000000000       -4.6801865535652949      
   7958.6800000003914       -105.00000000000000       -1.0000000000000000       -11.243388428061207      
   8208.6800000003914       -105.00000000000000       -1.0000000000000000       -12.582118890407749      
   8458.6800000003914       -105.00000000000000       -1.0000000000000000       -11.908119772120255      
   8708.6800000003914       -105.00000000000000       -1.0000000000000000       -10.567889949076150      
   8958.6800000003914       -105.00000000000000       -1.0000000000000000       -9.1293521237195776      
   9208.6800000003914       -105.00000000000000       -1.0000000000000000       -7.8031635202578871      
   9458.6800000003914       -105.00000000000000       -1.0000000000000000       -6.6406774304110696      
   9708.6800000003914       -105.00000000000000       -1.0000000000000000       -5.6584847505178946      
   9958.6800000003914       -105.00000000000000       -1.0000000000000000       -4.8352587653098302      
   10208.680000000391       -105.00000000000000       -1.0000000000000000       -4.1477671872311346      
   10458.680000000391       -105.00000000000000       -1.0000000000000000       -3.5753448763239484      
   10708.680000000391       -105.00000000000000       -1.0000000000000000       -3.0936964467435404      
   10958.680000000391       -105.00000000000000       -1.0000000000000000       -2.6925612417272045      
   11208.680000000391       -105.00000000000000       -1.0000000000000000       -2.3566528898460706      
   11458.680000000391       -105.00000000000000       -1.0000000000000000       -2.0707359998179382      
   11708.680000000391       -105.00000000000000       -1.0000000000000000       -1.8291488355421044      
   11958.680000000391       -105.00000000000000       -1.0000000000000000       -1.6250292349592805      
   12208.680000000391       -105.00000000000000       -1.0000000000000000       -1.4428692160598842      
   12458.680000000391       -105.00000000000000       -1.0000000000000000       -1.2903176952355795      
   12708.680000000391       -105.00000000000000       -1.0000000000000000       -1.1616284845230997      
   2958.6800000003914        20.000000000000000       -1.0000000000000000       -6.6622581985947233      
   3208.6800000003914        20.000000000000000       -1.0000000000000000       -7.8231610621607794      
   3458.6800000003914        20.000000000000000       -1.0000000000000000       -9.1596650074109807      
   3708.6800000003914        20.000000000000000       -1.0000000000000000       -10.607734851111207      
   3958.6800000003914        20.000000000000000       -1.0000000000000000       -11.948511659467409      
   4208.6800000003914        20.000000000000000       -1.0000000000000000       -12.624233573341499      
   4458.6800000003914        20.000000000000000       -1.0000000000000000       -11.262003401883280      
   4708.6800000003914        20.000000000000000       -1.0000000000000000       -4.6556192107461776      
   4958.6800000003914        20.000000000000000       -1.0000000000000000        14.522248100686648      
   5208.6800000003914        20.000000000000000       -1.0000000000000000        61.547830797126629      
   5458.6800000003914        20.000000000000000       -1.0000000000000000        162.47673109876746      
   5708.6800000003914        20.000000000000000       -1.0000000000000000        341.82324449185376      
   5958.6800000003914        20.000000000000000       -1.0000000000000000        574.92720895718833      
   6208.6800000003914        20.000000000000000       -1.0000000000000000        695.62507904688368      
   6458.6800000003914        20.000000000000000       -1.0000000000000000        566.26120387875869      
   6708.6800000003914        20.000000000000000       -1.0000000000000000        341.11874407858500      
   6958.6800000003914        20.000000000000000       -1.0000000000000000        161.09804291511279      
   7208.6800000003914        20.000000000000000       -1.0000000000000000        60.552210136772452      
   7458.6800000003914        20.000000000000000       -1.0000000000000000        14.122758623120696      
   7708.6800000003914        20.000000000000000       -1.0000000000000000       -4.7642561943003665      
   7958.6800000003914        20.000000000000000       -1.0000000000000000       -11.267403855996948      
   8208.6800000003914        20.000000000000000       -1.0000000000000000       -12.586801702185884      
   8458.6800000003914        20.000000000000000       -1.0000000000000000       -11.902204824616177      
   8708.6800000003914        20.000000000000000       -1.0000000000000000       -10.560910255110493      
   8958.6800000003914        20.000000000000000       -1.0000000000000000       -9.1187256924117133      
   9208.6800000003914        20.000000000000000       -1.0000000000000000       -7.7911134062955734      
   9458.6800000003914        20.000000000000000       -1.0000000000000000       -6.6342745374566219      
   9708.6800000003914        20.000000000000000       -1.0000000000000000       -5.6508110919375545      
   9958.6800000003914        20.000000000000000       -1.0000000000000000       -4.8279624578309113      
   10208.680000000391        20.000000000000000       -1.0000000000000000       -4.1456986524140031      
   10458.680000000391        20.000000000000000       -1.0000000000000000       -3.5724358101440803      
   10708.680000000391        20.000000000000000       -1.0000000000000000       -3.0918793939001006      
   10958.680000000391        20.000000000000000       -1.0000000000000000       -2.6919777634059168      
   11208.680000000391        20.000000000000000       -1.0000000000000000       -2.3561641265578577      
   11458.680000000391        20.000000000000000       -1.0000000000000000       -2.0712700978221426      
   11708.680000000391        20.000000000000000       -1.0000000000000000       -1.8305446750692997      
   11958.680000000391        20.000000000000000       -1.0000000000000000       -1.6244579159100174      
   12208.680000000391        20.000000000000000       -1.0000000000000000       -1.4444789868012509      
   12458.680000000391        20.000000000000000       -1.0000000000000000       -1.2932351218102893      
   12708.680000000391        20.000000000000000       -1.0000000000000000       -1.1609588210854391      
   2958.6800000003914        145.00000000000000       -1.0000000000000000       -6.6300419123641738      
   3208.6800000003914        145.00000000000000       -1.0000000000000000       -7.7916666412719877      
   3458.6800000003914        145.00000000000000       -1.0000000000000000       -9.1277328130195645      
   3708.6800000003914        145.00000000000000       -1.0000000000000000       -10.561976882706418      
   3958.6800000003914        145.00000000000000       -1.0000000000000000       -11.911089567186238      
   4208.6800000003914        145.00000000000000       -1.0000000000000000       -12.622646918900916      
   4458.6800000003914        145.00000000000000       -1.0000000000000000       -11.406771026486489      
   4708.6800000003914        145.00000000000000       -1.0000000000000000       -5.2066603271626999      
   4958.6800000003914        145.00000000000000       -1.0000000000000000        12.780375114150271      
   5208.6800000003914        145.00000000000000       -1.0000000000000000        56.489339934827541      
   5458.6800000003914        145.00000000000000       -1.0000000000000000        148.91121043651540      
   5708.6800000003914        145.00000000000000       -1.0000000000000000        310.46351964745617      
   5958.6800000003914        145.00000000000000       -1.0000000000000000        515.57363310558196      
   6208.6800000003914        145.00000000000000       -1.0000000000000000        622.27480633303639      
   6458.6800000003914        145.00000000000000       -1.0000000000000000        516.52499936244749      
   6708.6800000003914        145.00000000000000       -1.0000000000000000        312.41208614707080      
   6958.6800000003914        145.00000000000000       -1.0000000000000000        148.19137715983649      
   7208.6800000003914        145.00000000000000       -1.0000000000000000        55.646915056622312      
   7458.6800000003914        145.00000000000000       -1.0000000000000000        12.427838151127988      
   7708.6800000003914        145.00000000000000       -1.0000000000000000       -5.2965734052328806      
   7958.6800000003914        145.00000000000000       -1.0000000000000000       -11.396218907306064      
   8208.6800000003914        145.00000000000000       -1.0000000000000000       -12.587668090162394      
   8458.6800000003914        145.00000000000000       -1.0000000000000000       -11.869832626437988      
   8708.6800000003914        145.00000000000000       -1.0000000000000000       -10.519690465412591      
   8958.6800000003914        145.00000000000000       -1.0000000000000000       -9.0871378377689442      
   9208.6800000003914        145.00000000000000       -1.0000000000000000       -7.7594591993045370      
   9458.6800000003914        145.00000000000000       -1.0000000000000000       -6.6036855205664908      
   9708.6800000003914        145.00000000000000       -1.0000000000000000       -5.6302313086328990      
   9958.6800000003914        145.00000000000000       -1.0000000000000000       -4.8118984827308378      
   10208.680000000391        145.00000000000000       -1.0000000000000000       -4.1320528597012940      
   10458.680000000391        145.00000000000000       -1.0000000000000000       -3.5643833896215842      
   10708.680000000391        145.00000000000000       -1.0000000000000000       -3.0842485728768034      
   10958.680000000391        145.00000000000000       -1.0000000000000000       -2.6872257642410795      
   11208.680000000391        145.00000000000000       -1.0000000000000000       -2.3530093311991367      
   11458.680000000391        145.00000000000000       -1.0000000000000000       -2.0703103829443386      
   11708.680000000391        145.00000000000000       -1.0000000000000000       -1.8282554861252402      
   11958.680000000391        145.00000000000000       -1.0000000000000000       -1.6196926297852823      
   12208.680000000391        145.00000000000000       -1.0000000000000000       -1.4402515049056439      
   12458.680000000391        145.00000000000000       -1.0000000000000000       -1.2886396215271254      
   12708.680000000391        145.00000000000000       -1.0000000000000000       -1.1585412974669693      
   2958.6800000003914        270.00000000000000       -1.0000000000000000       -6.5861601182792198      
   3208.6800000003914        270.00000000000000       -1.0000000000000000       -7.7371378285374588      
   3458.6800000003914        270.00000000000000       -1.0000000000000000       -9.0535222130756559      
   3708.6800000003914        270.00000000000000       -1.0000000000000000       -10.483625877591457      
   3958.6800000003914        270.00000000000000       -1.0000000000000000       -11.838318598498297      
   4208.6800000003914        270.00000000000000       -1.0000000000000000       -12.617015827449519      
   4458.6800000003914        270.00000000000000       -1.0000000000000000       -11.622807376002005      
   4708.6800000003914        270.00000000000000       -1.0000000000000000       -6.1107920104091749      
   4958.6800000003914        270.00000000000000       -1.0000000000000000        9.9167576127066646      
   5208.6800000003914        270.00000000000000       -1.0000000000000000        48.324842878879181      
   5458.6800000003914        270.00000000000000       -1.0000000000000000        127.64955443325952      
   5708.6800000003914        270.00000000000000       -1.0000000000000000        262.38262454593013      
   5958.6800000003914        270.00000000000000       -1.0000000000000000        425.99700962687075      
   6208.6800000003914        270.00000000000000       -1.0000000000000000        510.83234875686242      
   6458.6800000003914        270.00000000000000       -1.0000000000000000        433.49820320909146      
   6708.6800000003914        270.00000000000000       -1.0000000000000000        265.60750317602509      
   6958.6800000003914        270.00000000000000       -1.0000000000000000        127.18556452562009      
   7208.6800000003914        270.00000000000000       -1.0000000000000000        47.557758453594936      
   7458.6800000003914        270.00000000000000       -1.0000000000000000        9.5849312280528487      
   7708.6800000003914        270.00000000000000       -1.0000000000000000       -6.1963678710417254      
   7958.6800000003914        270.00000000000000       -1.0000000000000000       -11.615500987278855      
   8208.6800000003914        270.00000000000000       -1.0000000000000000       -12.581618827958803      
   8458.6800000003914        270.00000000000000       -1.0000000000000000       -11.798823008492658      
   8708.6800000003914        270.00000000000000       -1.0000000000000000       -10.440958775045470      
   8958.6800000003914        270.00000000000000       -1.0000000000000000       -9.0173105747034743      
   9208.6800000003914        270.00000000000000       -1.0000000000000000       -7.7046032468711712      
   9458.6800000003914        270.00000000000000       -1.0000000000000000       -6.5614915665992743      
   9708.6800000003914        270.00000000000000       -1.0000000000000000       -5.5944801716311332      
   9958.6800000003914        270.00000000000000       -1.0000000000000000       -4.7850530946731276      
   10208.680000000391        270.00000000000000       -1.0000000000000000       -4.1061033425190967      
   10458.680000000391        270.00000000000000       -1.0000000000000000       -3.5404731092644797      
   10708.680000000391        270.00000000000000       -1.0000000000000000       -3.0709987111044907      
   10958.680000000391        270.00000000000000       -1.0000000000000000       -2.6750538543840419      
   11208.680000000391        270.00000000000000       -1.0000000000000000       -2.3436787971708823      
   11458.680000000391        270.00000000000000       -1.0000000000000000       -2.0607232053958482      
   11708.680000000391        270.00000000000000       -1.0000000000000000       -1.8192252560776616      
   11958.680000000391        270.00000000000000       -1.0000000000000000       -1.6112469484303154      
   12208.680000000391        270.00000000000000       -1.0000000000000000       -1.4372975727971382      
   12458.680000000391        270.00000000000000       -1.0000000000000000       -1.2845372258892251      
   12708.680000000391        270.00000000000000       -1.0000000000000000       -1.1535745628042324      

