200
2958.6800000003914 -230.0 -1.0 -5.926242026264585
3208.6800000003914 -230.0 -1.0 -7.406222036776106
3458.6800000003914 -230.0 -1.0 -8.894704554984902
3708.6800000003914 -230.0 -1.0 -11.254393244659829
3958.6800000003914 -230.0 -1.0 -10.771970010124756
4208.680000000391 -230.0 -1.0 -13.96949221327675
4458.680000000391 -230.0 -1.0 -12.006308204437296
4708.680000000391 -230.0 -1.0 -5.139855645505186
4958.680000000391 -230.0 -1.0 13.61685641820004
5208.680000000391 -230.0 -1.0 60.1711089375634
5458.680000000391 -230.0 -1.0 158.77762582348444
5708.680000000391 -230.0 -1.0 327.3612241021
5958.680000000391 -230.0 -1.0 549.0875892302854
6208.680000000391 -230.0 -1.0 659.3266672695256
6458.680000000391 -230.0 -1.0 530.3226102592718
6708.680000000391 -230.0 -1.0 321.01459929095154
6958.680000000391 -230.0 -1.0 153.8320709353162
7208.680000000391 -230.0 -1.0 57.58166472663545
7458.680000000391 -230.0 -1.0 14.600991025656397
7708.680000000391 -230.0 -1.0 -4.26175764751782
7958.680000000391 -230.0 -1.0 -12.142754630936167
8208.680000000391 -230.0 -1.0 -13.939753364524972
8458.680000000391 -230.0 -1.0 -10.137163628949782
8708.680000000391 -230.0 -1.0 -10.71190603036471
8958.680000000391 -230.0 -1.0 -9.471683558862326
9208.680000000391 -230.0 -1.0 -7.554687842504361
9458.680000000391 -230.0 -1.0 -7.0388760483064825
9708.680000000391 -230.0 -1.0 -7.09982664230504
9958.680000000391 -230.0 -1.0 -4.399818380262499
10208.680000000391 -230.0 -1.0 -3.4996611582026835
10458.680000000391 -230.0 -1.0 -1.62916410884928
10708.680000000391 -230.0 -1.0 -5.52083760215407
10958.680000000391 -230.0 -1.0 -0.703160480763001
11208.680000000391 -230.0 -1.0 -3.4771247091841744
11458.680000000391 -230.0 -1.0 -1.8694496739438258
11708.680000000391 -230.0 -1.0 -1.6695239901323764
11958.680000000391 -230.0 -1.0 -1.5669738575084666
12208.680000000391 -230.0 -1.0 -2.2413738771551346
12458.680000000391 -230.0 -1.0 -1.524079952698914
12708.680000000391 -230.0 -1.0 0.4848945570013623
2958.6800000003914 -105.0 -1.0 -6.392244450632117
3208.6800000003914 -105.0 -1.0 -9.545786323512338
3458.6800000003914 -105.0 -1.0 -7.743773303502645
3708.6800000003914 -105.0 -1.0 -10.808910115247345
3958.6800000003914 -105.0 -1.0 -11.303109273772609
4208.680000000391 -105.0 -1.0 -14.224026113141866
4458.680000000391 -105.0 -1.0 -10.332691993555624
4708.680000000391 -105.0 -1.0 -4.605517263533228
4958.680000000391 -105.0 -1.0 14.627246135221347
5208.680000000391 -105.0 -1.0 62.32984581583715
5458.680000000391 -105.0 -1.0 165.16422128944205
5708.680000000391 -105.0 -1.0 348.8874189068622
5958.680000000391 -105.0 -1.0 587.197918260584
6208.680000000391 -105.0 -1.0 708.1075028563438
6458.680000000391 -105.0 -1.0 572.3020693599324
6708.680000000391 -105.0 -1.0 343.43740567441375
6958.680000000391 -105.0 -1.0 162.14748976703524
7208.680000000391 -105.0 -1.0 62.88501488286459
7458.680000000391 -105.0 -1.0 14.161601869152479
7708.680000000391 -105.0 -1.0 -6.639749503077008
7958.680000000391 -105.0 -1.0 -12.685099565951488
8208.680000000391 -105.0 -1.0 -14.242452916381817
8458.680000000391 -105.0 -1.0 -10.92740227198091
8708.680000000391 -105.0 -1.0 -9.461637524016185
8958.680000000391 -105.0 -1.0 -9.620088886753589
9208.680000000391 -105.0 -1.0 -6.620880224469905
9458.680000000391 -105.0 -1.0 -4.919069101221229
9708.680000000391 -105.0 -1.0 -5.1300504993081
9958.680000000391 -105.0 -1.0 -6.226296772301676
10208.680000000391 -105.0 -1.0 -4.337520279639678
10458.680000000391 -105.0 -1.0 -4.547259147456915
10708.680000000391 -105.0 -1.0 -2.7816320630061186
10958.680000000391 -105.0 -1.0 -1.8947794276333276
11208.680000000391 -105.0 -1.0 -2.156217776169491
11458.680000000391 -105.0 -1.0 -1.468410064245842
11708.680000000391 -105.0 -1.0 -2.8870896620492856
11958.680000000391 -105.0 -1.0 -2.3320975308869647
12208.680000000391 -105.0 -1.0 -0.03880597236583805
12458.680000000391 -105.0 -1.0 -1.0354459008142531
12708.680000000391 -105.0 -1.0 -1.617783207173264
2958.6800000003914 20.0 -1.0 -7.415116442632093
3208.6800000003914 20.0 -1.0 -8.850253682925612
3458.6800000003914 20.0 -1.0 -9.163662033561168
3708.6800000003914 20.0 -1.0 -9.990983129339151
3958.6800000003914 20.0 -1.0 -13.490930976077507
4208.680000000391 20.0 -1.0 -13.294630988810924
4458.680000000391 20.0 -1.0 -11.293109818894907
4708.680000000391 20.0 -1.0 -3.705655040627282
4958.680000000391 20.0 -1.0 12.866477184988074
5208.680000000391 20.0 -1.0 60.221345100865776
5458.680000000391 20.0 -1.0 162.11510961665437
5708.680000000391 20.0 -1.0 340.8864576705293
5958.680000000391 20.0 -1.0 576.2480823383847
6208.680000000391 20.0 -1.0 695.0662753990337
6458.680000000391 20.0 -1.0 566.7308923947511
6708.680000000391 20.0 -1.0 343.05940840891265
6958.680000000391 20.0 -1.0 160.016084223423
7208.680000000391 20.0 -1.0 61.63136832985161
7458.680000000391 20.0 -1.0 12.878953091955653
7708.680000000391 20.0 -1.0 -4.813724310364249
7958.680000000391 20.0 -1.0 -10.795451910045148
8208.680000000391 20.0 -1.0 -11.58396025145496
8458.680000000391 20.0 -1.0 -11.560642816142751
8708.680000000391 20.0 -1.0 -9.841156828774903
8958.680000000391 20.0 -1.0 -8.52561682304776
9208.680000000391 20.0 -1.0 -9.48925186021579
9458.680000000391 20.0 -1.0 -6.897951053463853
9708.680000000391 20.0 -1.0 -4.869664928265089
9958.680000000391 20.0 -1.0 -4.1531974634815825
10208.680000000391 20.0 -1.0 -3.8898006781853307
10458.680000000391 20.0 -1.0 -3.8709448181384802
10708.680000000391 20.0 -1.0 -3.167193945787398
10958.680000000391 20.0 -1.0 -3.2274685022333243
11208.680000000391 20.0 -1.0 -2.7478502504103446
11458.680000000391 20.0 -1.0 -1.523689789438602
11708.680000000391 20.0 -1.0 -1.8915350209968318
11958.680000000391 20.0 -1.0 -2.408996401916605
12208.680000000391 20.0 -1.0 -2.5129056774755236
12458.680000000391 20.0 -1.0 -0.8750259334801067
12708.680000000391 20.0 -1.0 -1.8147586078454845
2958.6800000003914 145.0 -1.0 -8.362408662474708
3208.6800000003914 145.0 -1.0 -6.821068514776119
3458.6800000003914 145.0 -1.0 -8.263586143093459
3708.6800000003914 145.0 -1.0 -10.521849355751396
3958.6800000003914 145.0 -1.0 -12.580675550051724
4208.680000000391 145.0 -1.0 -14.467877407293363
4458.680000000391 145.0 -1.0 -11.555329899195153
4708.680000000391 145.0 -1.0 -5.202028091555704
4958.680000000391 145.0 -1.0 11.650161941266038
5208.680000000391 145.0 -1.0 56.624122311889145
5458.680000000391 145.0 -1.0 149.99514968409818
5708.680000000391 145.0 -1.0 309.1947823701134
5958.680000000391 145.0 -1.0 514.3197699137044
6208.680000000391 145.0 -1.0 622.668735570205
6458.680000000391 145.0 -1.0 515.7339678787913
6708.680000000391 145.0 -1.0 311.8925404806459
6958.680000000391 145.0 -1.0 149.49128004952124
7208.680000000391 145.0 -1.0 53.89151088536092
7458.680000000391 145.0 -1.0 10.96776235749672
7708.680000000391 145.0 -1.0 -6.3239105685562915
7958.680000000391 145.0 -1.0 -11.810110187849684
8208.680000000391 145.0 -1.0 -11.80877895280554
8458.680000000391 145.0 -1.0 -12.69822063126106
8708.680000000391 145.0 -1.0 -8.96746116298437
8958.680000000391 145.0 -1.0 -9.29545152369546
9208.680000000391 145.0 -1.0 -7.7375087092859305
9458.680000000391 145.0 -1.0 -7.112744484530005
9708.680000000391 145.0 -1.0 -4.4360919325444454
9958.680000000391 145.0 -1.0 -4.6826102067927255
10208.680000000391 145.0 -1.0 -3.697496259602986
10458.680000000391 145.0 -1.0 -3.80960068672163
10708.680000000391 145.0 -1.0 -4.354710565112425
10958.680000000391 145.0 -1.0 -2.534129325364919
11208.680000000391 145.0 -1.0 -2.933742953214788
11458.680000000391 145.0 -1.0 -1.6522312889099378
11708.680000000391 145.0 -1.0 -1.9110850298517161
11958.680000000391 145.0 -1.0 -2.186303548645888
12208.680000000391 145.0 -1.0 -1.6440317542288363
12458.680000000391 145.0 -1.0 -0.8206974486536058
12708.680000000391 145.0 -1.0 -0.6219162569418081
2958.6800000003914 270.0 -1.0 -7.28169991441357
3208.6800000003914 270.0 -1.0 -6.396427542421268
3458.6800000003914 270.0 -1.0 -10.055885877498092
3708.6800000003914 270.0 -1.0 -8.319670938234205
3958.6800000003914 270.0 -1.0 -12.430621159037758
4208.680000000391 270.0 -1.0 -12.785573704521834
4458.680000000391 270.0 -1.0 -10.83999682526827
4708.680000000391 270.0 -1.0 -6.1605646643201055
4958.680000000391 270.0 -1.0 9.947786133239138
5208.680000000391 270.0 -1.0 47.80819257677346
5458.680000000391 270.0 -1.0 126.77778782719503
5708.680000000391 270.0 -1.0 263.39108928346275
5958.680000000391 270.0 -1.0 426.6848871541966
6208.680000000391 270.0 -1.0 510.0551699538877
6458.680000000391 270.0 -1.0 434.0256774665804
6708.680000000391 270.0 -1.0 265.00456269850343
6958.680000000391 270.0 -1.0 128.7726610048291
7208.680000000391 270.0 -1.0 46.27735409809658
7458.680000000391 270.0 -1.0 9.625523602802442
7708.680000000391 270.0 -1.0 -7.0425267734716
7958.680000000391 270.0 -1.0 -10.849563379562323
8208.680000000391 270.0 -1.0 -10.930466285023082
8458.680000000391 270.0 -1.0 -12.985773198722871
8708.680000000391 270.0 -1.0 -10.260550539257917
8958.680000000391 270.0 -1.0 -9.393920599926629
9208.680000000391 270.0 -1.0 -8.897106866491766
9458.680000000391 270.0 -1.0 -7.642007304168645
9708.680000000391 270.0 -1.0 -6.094376115908087
9958.680000000391 270.0 -1.0 -5.220950159379561
10208.680000000391 270.0 -1.0 -4.767373188396246
10458.680000000391 270.0 -1.0 -3.5970858696417936
10708.680000000391 270.0 -1.0 -2.4459424786923627
10958.680000000391 270.0 -1.0 -1.9365522988214816
11208.680000000391 270.0 -1.0 0.07851878228836728
11458.680000000391 270.0 -1.0 -3.2305257460514483
11708.680000000391 270.0 -1.0 -1.5083552995783807
11958.680000000391 270.0 -1.0 -0.4617172032421708
12208.680000000391 270.0 -1.0 -0.7381607982126255
12458.680000000391 270.0 -1.0 0.4218315563464694
12708.680000000391 270.0 -1.0 -2.4297559372936126
