200
2939.180000 -249.500000 1.000 0.00
3189.180000 -249.500000 1.000 0.00
3439.180000 -249.500000 1.000 0.00
3689.180000 -249.500000 1.000 0.00
3939.180000 -249.500000 1.000 0.00
4189.180000 -249.500000 1.000 0.00
4439.180000 -249.500000 1.000 0.00
4689.180000 -249.500000 1.000 0.00
4939.180000 -249.500000 1.000 0.00
5189.180000 -249.500000 1.000 0.00
5439.180000 -249.500000 1.000 0.00
5689.180000 -249.500000 1.000 0.00
5939.180000 -249.500000 1.000 0.00
6189.180000 -249.500000 1.000 0.00
6439.180000 -249.500000 1.000 0.00
6689.180000 -249.500000 1.000 0.00
6939.180000 -249.500000 1.000 0.00
7189.180000 -249.500000 1.000 0.00
7439.180000 -249.500000 1.000 0.00
7689.180000 -249.500000 1.000 0.00
7939.180000 -249.500000 1.000 0.00
8189.180000 -249.500000 1.000 0.00
8439.180000 -249.500000 1.000 0.00
8689.180000 -249.500000 1.000 0.00
8939.180000 -249.500000 1.000 0.00
9189.180000 -249.500000 1.000 0.00
9439.180000 -249.500000 1.000 0.00
9689.180000 -249.500000 1.000 0.00
9939.180000 -249.500000 1.000 0.00
10189.180000 -249.500000 1.00 0.00
10439.180000 -249.500000 1.00 0.00
10689.180000 -249.500000 1.00 0.00
10939.180000 -249.500000 1.00 0.00
11189.180000 -249.500000 1.00 0.00
11439.180000 -249.500000 1.00 0.00
11689.180000 -249.500000 1.00 0.00
11939.180000 -249.500000 1.00 0.00
12189.180000 -249.500000 1.00 0.00
12439.180000 -249.500000 1.00 0.00
12689.180000 -249.500000 1.00 0.00
2939.180000 -124.500000 1.000 0.00
3189.180000 -124.500000 1.000 0.00
3439.180000 -124.500000 1.000 0.00
3689.180000 -124.500000 1.000 0.00
3939.180000 -124.500000 1.000 0.00
4189.180000 -124.500000 1.000 0.00
4439.180000 -124.500000 1.000 0.00
4689.180000 -124.500000 1.000 0.00
4939.180000 -124.500000 1.000 0.00
5189.180000 -124.500000 1.000 0.00
5439.180000 -124.500000 1.000 0.00
5689.180000 -124.500000 1.000 0.00
5939.180000 -124.500000 1.000 0.00
6189.180000 -124.500000 1.000 0.00
6439.180000 -124.500000 1.000 0.00
6689.180000 -124.500000 1.000 0.00
6939.180000 -124.500000 1.000 0.00
7189.180000 -124.500000 1.000 0.00
7439.180000 -124.500000 1.000 0.00
7689.180000 -124.500000 1.000 0.00
7939.180000 -124.500000 1.000 0.00
8189.180000 -124.500000 1.000 0.00
8439.180000 -124.500000 1.000 0.00
8689.180000 -124.500000 1.000 0.00
8939.180000 -124.500000 1.000 0.00
9189.180000 -124.500000 1.000 0.00
9439.180000 -124.500000 1.000 0.00
9689.180000 -124.500000 1.000 0.00
9939.180000 -124.500000 1.000 0.00
10189.180000 -124.500000 1.00 0.00
10439.180000 -124.500000 1.00 0.00
10689.180000 -124.500000 1.00 0.00
10939.180000 -124.500000 1.00 0.00
11189.180000 -124.500000 1.00 0.00
11439.180000 -124.500000 1.00 0.00
11689.180000 -124.500000 1.00 0.00
11939.180000 -124.500000 1.00 0.00
12189.180000 -124.500000 1.00 0.00
12439.180000 -124.500000 1.00 0.00
12689.180000 -124.500000 1.00 0.00
2939.180000 0.500000 1.000000 0.00
3189.180000 0.500000 1.000000 0.00
3439.180000 0.500000 1.000000 0.00
3689.180000 0.500000 1.000000 0.00
3939.180000 0.500000 1.000000 0.00
4189.180000 0.500000 1.000000 0.00
4439.180000 0.500000 1.000000 0.00
4689.180000 0.500000 1.000000 0.00
4939.180000 0.500000 1.000000 0.00
5189.180000 0.500000 1.000000 0.00
5439.180000 0.500000 1.000000 0.00
5689.180000 0.500000 1.000000 0.00
5939.180000 0.500000 1.000000 0.00
6189.180000 0.500000 1.000000 0.00
6439.180000 0.500000 1.000000 0.00
6689.180000 0.500000 1.000000 0.00
6939.180000 0.500000 1.000000 0.00
7189.180000 0.500000 1.000000 0.00
7439.180000 0.500000 1.000000 0.00
7689.180000 0.500000 1.000000 0.00
7939.180000 0.500000 1.000000 0.00
8189.180000 0.500000 1.000000 0.00
8439.180000 0.500000 1.000000 0.00
8689.180000 0.500000 1.000000 0.00
8939.180000 0.500000 1.000000 0.00
9189.180000 0.500000 1.000000 0.00
9439.180000 0.500000 1.000000 0.00
9689.180000 0.500000 1.000000 0.00
9939.180000 0.500000 1.000000 0.00
10189.180000 0.500000 1.00000 0.00
10439.180000 0.500000 1.00000 0.00
10689.180000 0.500000 1.00000 0.00
10939.180000 0.500000 1.00000 0.00
11189.180000 0.500000 1.00000 0.00
11439.180000 0.500000 1.00000 0.00
11689.180000 0.500000 1.00000 0.00
11939.180000 0.500000 1.00000 0.00
12189.180000 0.500000 1.00000 0.00
12439.180000 0.500000 1.00000 0.00
12689.180000 0.500000 1.00000 0.00
2939.180000 125.500000 1.0000 0.00
3189.180000 125.500000 1.0000 0.00
3439.180000 125.500000 1.0000 0.00
3689.180000 125.500000 1.0000 0.00
3939.180000 125.500000 1.0000 0.00
4189.180000 125.500000 1.0000 0.00
4439.180000 125.500000 1.0000 0.00
4689.180000 125.500000 1.0000 0.00
4939.180000 125.500000 1.0000 0.00
5189.180000 125.500000 1.0000 0.00
5439.180000 125.500000 1.0000 0.00
5689.180000 125.500000 1.0000 0.00
5939.180000 125.500000 1.0000 0.00
6189.180000 125.500000 1.0000 0.00
6439.180000 125.500000 1.0000 0.00
6689.180000 125.500000 1.0000 0.00
6939.180000 125.500000 1.0000 0.00
7189.180000 125.500000 1.0000 0.00
7439.180000 125.500000 1.0000 0.00
7689.180000 125.500000 1.0000 0.00
7939.180000 125.500000 1.0000 0.00
8189.180000 125.500000 1.0000 0.00
8439.180000 125.500000 1.0000 0.00
8689.180000 125.500000 1.0000 0.00
8939.180000 125.500000 1.0000 0.00
9189.180000 125.500000 1.0000 0.00
9439.180000 125.500000 1.0000 0.00
9689.180000 125.500000 1.0000 0.00
9939.180000 125.500000 1.0000 0.00
10189.180000 125.500000 1.000 0.00
10439.180000 125.500000 1.000 0.00
10689.180000 125.500000 1.000 0.00
10939.180000 125.500000 1.000 0.00
11189.180000 125.500000 1.000 0.00
11439.180000 125.500000 1.000 0.00
11689.180000 125.500000 1.000 0.00
11939.180000 125.500000 1.000 0.00
12189.180000 125.500000 1.000 0.00
12439.180000 125.500000 1.000 0.00
12689.180000 125.500000 1.000 0.00
2939.180000 250.500000 1.0000 0.00
3189.180000 250.500000 1.0000 0.00
3439.180000 250.500000 1.0000 0.00
3689.180000 250.500000 1.0000 0.00
3939.180000 250.500000 1.0000 0.00
4189.180000 250.500000 1.0000 0.00
4439.180000 250.500000 1.0000 0.00
4689.180000 250.500000 1.0000 0.00
4939.180000 250.500000 1.0000 0.00
5189.180000 250.500000 1.0000 0.00
5439.180000 250.500000 1.0000 0.00
5689.180000 250.500000 1.0000 0.00
5939.180000 250.500000 1.0000 0.00
6189.180000 250.500000 1.0000 0.00
6439.180000 250.500000 1.0000 0.00
6689.180000 250.500000 1.0000 0.00
6939.180000 250.500000 1.0000 0.00
7189.180000 250.500000 1.0000 0.00
7439.180000 250.500000 1.0000 0.00
7689.180000 250.500000 1.0000 0.00
7939.180000 250.500000 1.0000 0.00
8189.180000 250.500000 1.0000 0.00
8439.180000 250.500000 1.0000 0.00
8689.180000 250.500000 1.0000 0.00
8939.180000 250.500000 1.0000 0.00
9189.180000 250.500000 1.0000 0.00
9439.180000 250.500000 1.0000 0.00
9689.180000 250.500000 1.0000 0.00
9939.180000 250.500000 1.0000 0.00
10189.180000 250.500000 1.000 0.00
10439.180000 250.500000 1.000 0.00
10689.180000 250.500000 1.000 0.00
10939.180000 250.500000 1.000 0.00
11189.180000 250.500000 1.000 0.00
11439.180000 250.500000 1.000 0.00
11689.180000 250.500000 1.000 0.00
11939.180000 250.500000 1.000 0.00
12189.180000 250.500000 1.000 0.00
12439.180000 250.500000 1.000 0.00
12689.180000 250.500000 1.000 0.00